a<- 5+5
b <-5^4
c<- 5^6 - 6^5

